
%liczba neuronów ukrytych: 8, liczba wejœæ sieci: 4
%wejœcie 1: u(k-4)
%wejœcie 2: u(k-5)
%wejœcie 3: y(k-1)
%wejœcie 4: y(k-2)
%uczenie w trybie OE
w10(1,1)=1.0015690949e+000; w1(1,1)=5.4298491964e-001; w1(1,2)=-7.3940144817e-002; w1(1,3)=7.2165869125e-001; w1(1,4)=-2.4367132279e-001; 
w10(2,1)=-3.6370750139e-002; w1(2,1)=-9.8570653374e-002; w1(2,2)=-2.5187412266e-002; w1(2,3)=-8.6983521204e-001; w1(2,4)=5.9839345037e-001; 
w10(3,1)=3.6223131238e-001; w1(3,1)=1.0394261924e+000; w1(3,2)=1.4696603741e+000; w1(3,3)=-8.9930846138e-002; w1(3,4)=-2.7925374186e-001; 
w10(4,1)=6.3551441029e-001; w1(4,1)=1.2371220123e+000; w1(4,2)=-2.2939903021e-001; w1(4,3)=-6.5036357011e-001; w1(4,4)=5.1984950007e-001; 
w10(5,1)=-7.9365586880e-001; w1(5,1)=-1.6654656920e+000; w1(5,2)=2.8041070665e-001; w1(5,3)=5.5656154872e-001; w1(5,4)=-5.8842834592e-001; 
w10(6,1)=2.2876564433e+000; w1(6,1)=-1.3334471069e-001; w1(6,2)=2.8014997952e-001; w1(6,3)=-5.8794689371e-001; w1(6,4)=-1.4303577496e-001; 
w10(7,1)=-1.0138071489e+000; w1(7,1)=2.3471779618e-001; w1(7,2)=-3.2268744853e-002; w1(7,3)=-2.9230332313e-001; w1(7,4)=-2.1579785358e-001; 
w10(8,1)=-5.5151684065e-001; w1(8,1)=1.1394406096e-001; w1(8,2)=-9.1616357341e-002; w1(8,3)=3.6398061223e-001; w1(8,4)=8.9867038697e-002; 
w20=-7.2718580208e-002; w2(1)=6.8478944197e-001; w2(2)=-6.8890946432e-001; w2(3)=-2.2245778095e-002; w2(4)=-6.8180815957e-001; w2(5)=-3.2121834199e-001; w2(6)=-4.6115108860e-001; w2(7)=-8.8678936196e-001; w2(8)=1.0453191918e+000; 

