
%liczba neuronów ukrytych: 8, liczba wejœæ sieci: 4
%wejœcie 1: u(k-4)
%wejœcie 2: u(k-5)
%wejœcie 3: y(k-1)
%wejœcie 4: y(k-2)
%uczenie w trybie ARX
w10(1,1)=4.2683291342e-002; w1(1,1)=5.0916072536e-002; w1(1,2)=-3.6877738934e-001; w1(1,3)=3.9601559102e-001; w1(1,4)=-1.0541538576e-001; 
w10(2,1)=6.5256744542e-001; w1(2,1)=-6.3252564596e-002; w1(2,2)=3.0298276034e-001; w1(2,3)=6.5750216519e-001; w1(2,4)=-3.3185730448e-001; 
w10(3,1)=7.0649133692e-001; w1(3,1)=-1.4548408584e+000; w1(3,2)=-2.2509494692e-001; w1(3,3)=5.7589409417e-001; w1(3,4)=-4.6442752734e-001; 
w10(4,1)=1.1205343045e+000; w1(4,1)=3.7981120396e-003; w1(4,2)=7.0539230241e-002; w1(4,3)=-4.8328300950e-001; w1(4,4)=1.7344903506e-001; 
w10(5,1)=-1.2943790844e-002; w1(5,1)=3.2106905720e-001; w1(5,2)=5.7042783145e-001; w1(5,3)=-4.1626280241e-001; w1(5,4)=-4.1576114126e-001; 
w10(6,1)=1.3226805976e+000; w1(6,1)=1.3797098166e-001; w1(6,2)=-4.7960638773e-001; w1(6,3)=9.7385215308e-001; w1(6,4)=1.7189957347e-001; 
w10(7,1)=-5.9314795013e-001; w1(7,1)=1.4213088606e+000; w1(7,2)=2.1874284916e-001; w1(7,3)=-1.5438817194e-001; w1(7,4)=2.1206155338e-001; 
w10(8,1)=3.1395031223e-001; w1(8,1)=-4.0233199641e-002; w1(8,2)=-4.1246967429e-001; w1(8,3)=-2.2932866314e-001; w1(8,4)=-1.1515762404e-001; 
w20=6.8686636333e-001; w2(1)=1.1341356496e+000; w2(2)=1.4748906480e+000; w2(3)=-4.5357205215e-001; w2(4)=-1.9165248106e+000; w2(5)=7.7529872367e-003; w2(6)=1.1748877393e-001; w2(7)=-4.8406476603e-001; w2(8)=-3.8189174498e-001; 

